Almacen: 38.988628, -3.917201
T1: 38.989258, -3.924238
T2: 38.993082, -3.927354
T3: 38.993069, -3.919836

Clave Google: AIzaSyCw-ZE53qX7B6SZD84YwOMhIxUGGYkVdwg